vivid=1887609
buzzy=1893369
mummy=1899545
yummy=1902849
oxbow=1909171
hyphy=1927485
kibbi=1933083
bubby=1946787
fuzzy=1980901
xylyl=1982805
zoppo=1995665
kudzu=2014793
susus=2016509
yukky=2032417
fuffy=2043335
gyppy=2050851
jugum=2084921
jujus=2091161
qajaq=2141623
immix=2239537
slate=165691




snare: 71.09762419006479
later: 70.22332613390928
saner: 70.12570194384449
alter: 69.99179265658748
realo: 69.94773218142548
arles: 69.89071274298057
aesir: 69.8829373650108
ratel: 69.84319654427645
taler: 67.73693304535637
artel: 67.49589632829374
raine: 67.0561555075594
arose: 66.02116630669546
ariel: 65.28768898488121
orate: 63.89071274298056
irate: 63.7792656587473
arise: 63.72570194384449
soare: 62.30107991360691
raile: 61.33088552915767
raise: 61.00086393088553
roate: 60.42462203023758

