vivid=1887609
buzzy=1893369
mummy=1899545
yummy=1902849
oxbow=1909171
hyphy=1927485
kibbi=1933083
bubby=1946787
fuzzy=1980901
xylyl=1982805
zoppo=1995665
kudzu=2014793
susus=2016509
yukky=2032417
fuffy=2043335
gyppy=2050851
jugum=2084921
jujus=2091161
qajaq=2141623
immix=2239537
slate=165691




snare: 71.09762419006479
later: 70.22332613390928
saner: 70.12570194384449
alter: 69.99179265658748
realo: 69.94773218142548
arles: 69.89071274298057
aesir: 69.8829373650108
ratel: 69.84319654427645
taler: 67.73693304535637
artel: 67.49589632829374
raine: 67.0561555075594
arose: 66.02116630669546
ariel: 65.28768898488121
orate: 63.89071274298056
irate: 63.7792656587473
arise: 63.72570194384449
soare: 62.30107991360691
raile: 61.33088552915767
raise: 61.00086393088553
roate: 60.42462203023758


semee: 321.8708423326134
cooee: 237.9684665226782
seise: 227.3887688984881
cooey: 204.66047516198705
sease: 196.20691144708422
souse: 177.13218142548595
sooey: 175.06133909287257
seame: 148.18704103671706
soote: 145.08984881209503
seine: 137.73952483801295
soole: 137.63585313174946
soily: 126.9291576673866
samey: 121.46652267818574
soree: 112.92138228941684
siree: 112.64060475161988
soave: 106.63974082073435
seare: 103.91231101511879
saree: 98.12483801295896
slice: 96.12829373650108
sauce: 95.30410367170626
saice: 76.51792656587473
slane: 73.98574514038877
saine: 72.59222462203024
slate: 71.57278617710583
soare: 62.30107991360691


